disstance = 3
distance = 3
distance = 3

distance = 3
distance = 3
distance = 3
distance = 3
distance = 3
distance = 3
distance = 3
distance = 3
distance = 3
distance = 3
distance = 3
distance = 3
distance = 3
distance = 3
distance = 3
distance = 3
distance = 3
distance = 3
distance = 3
distance = 3
distance = 3
distance = 3
distance = 3
distance = 3
distance = 3
distance = 3
distance = 3
distance = 3
distance = 3
distance = 3
distance = 3
distance = 3
distance = 3
distance = 3
distance = 3
distance = 3
distance = 3
distance = 3
distance = 3
distance = 3
distance = 3
distance = 3
distance = 3
distance = 3
distance = 3
distance = 3
distance = 3
distance = 3
distance = 3
distance = 3
distance = 3
distance = 3
distance = 3
distance = 3
distance = 3
distance = 3
distance = 3
distance = 3
distance = 3
distance = 3
distance = 3
distance = 3
distance = 3
distance = 3
distance = 3
distance = 3
disdistance = 5
 = 5
distance = 5
unrecognizable distance
distance = 21
distance = 10
unrecognizable distance
distance = 7
distance = 5
unrecognizable distance
distance = 28
distance = 9
distance = 11
distance = 10
d11
distance = 11
distance = 10
distance = 3
distance = 4
distance = 4
distance = 4
distance = 4
stance = 11
distance = 11
distance = 11
distance = 10
distance = 3
distance = 4
distance = 4
distance = 4
distance = 4
distance = 4
distance = 3
distance = 3
distance = 3
distance = 3
distance = 3
distance = 3
distance = 3
distance = 4
distance = 3
distance = 3
distance = 3
distance = 3
distance = 4
distance = 4
distance = 4
distance = 5
distance = 5
distance = 5
distance = 7
distance = 7
distance = 7
distance = 7
distance = 8
distance = 8
distance = 8
distance = 8
distance = 8
distance = 8
distance = 9
distance = 9
distance = 9
distance = 9
distance = 10
distance = 10
distance = 9
distance = 10
distance = 11
distance = 11
distance = 11
distance = 12
distance = 12
distance = 12
distance = 13
distance = 13
distance = 14
distance = 14
distance = 14
distance = 15
distance = 15
distance = 15
distance = 15
distance = 19
distance = 19
distance = 10
distance = 10
unrecognizable distance
distance = 10
distance = 6
distance = 6
distance = 6
distance = 6
distance = 6
517
398
29
31
50
18
38
36
49
29
107
25
35
25
28
21
45
28
18
27
28
53
224
279
32
26
78
105
468
35
36
49
159
80
26
29
30
38
44
25
24
26
26
53
30
40
47
131
72
65
62
41
32
32
29
52
32
32
68
64
85
85
95
80
131
116
125
88
44
154
29
376
367
204
245
117
56
28
15
35
42
27
32
23
22
40
22
27
38
51
1
122
164
162
152
23
51
33
85
35
52
98
92
72
49
80
32
29
52
627
651
594
458
465
441
396
406
426
389
385
423
426
432
445
445
596
53
30
45
47
60
18
31
51
56
34
32
56
27
40
42
50
114
477
351
266
271
483
455
315
274
263
274
251
243
211
142
56
29
33
42
46
65
69
47
87
64
130
139
74
81
84126
144
421
624
547
544
426
406
268
269
249
214
72
42
625
105
166
138
112
124
200
201
239
205
203
116
110
137
385
413
467
449
450
455
442
442
448
221
214
189
220
473
636
532
603
318
175
455
448
542
275
117
26
50
2441100
2401100
2401100
2391100
2391100
2431100
2321100
437500
281900
285900
266900
2551000
2511000
2201200
1322000
1391900
1391900
1441800
1431900
524000
584000
534000
524000
484000
484000
604300
544400
558400
601300
34000
24000
24000
24000
24000
40000
800
500
4000
4000
4000
4000
4000
4000
4000
4000
3700
2700
2500
1900
1600
1500
1100
1000
900
800
700
600
400
400
600
600
900
1200
1300
4000
4000
4000
4000
500
500
600
500
500
500
500
300
300
300
300
300
300
300
300
300
300
300
500
500
500
700
700
600
900
900
900
1000
1000
1000
1000
1000
1200
1500
1500
1900
2000
2100
3100
3000
2800
2700
2800
2500
2600
2200
2400
1700
1800
1800
1800
1800
1500
1400
3600
4000
3500
4000
4000
4000
4000
4000
3200
2500
1900
1600
1200
1000
900
800
700
500
400
300
600
1000
1100
1300
1100
1100
1100
2252
170
151
151
225
418
2
24
37
44
41
60
359
429
49
195
280
149
210
554
417
287
3
2
10
25
0
41
3
2
5
3
2
0
2
115
513
344
298
286
111
123
111
80
105
124
213
2
60
3
3
3
4004000
400
4000
4000
3700
4000
4000
400
2000
4000
4000
3900
600
700
700
700
800
1300
1600
1400
1400
600
500
500
500
300
600
400
400
400
400
500
500
700
3200
4000
4000
4000
4000
4000
4000
600
600
500
400
400
1400
300
800
1300
1600
1800
2400
2600
2400
2100
1900
1800
1800
1600
1500
1400
1200
900
900
800
700
600
500
400
400
500
800
4000
300
4000
4000
4000
4000
700
300
400
400
400
400
300
500
500
600
700
700
700
700
700
700
600
500
500
500
500
600
800
1500
4000
4000
600
300
700
700
600
500
600
600
600
700
800
700
700
700
700
700
700
600
600
400
400
400
4000
1500
1400
1400
1500
1300
1500
4000
4000
4000
4000
4000
4000
4000
2500
4000
4000
4000
3700
300
300
300
500
500
500
700
600
600
700
900
900
900
1000
900
900
900
1100
1400
1500
2000
1900
1900
2100
4000
4000
4000
3700
3700
3200
3200
2700
2500
2200
2500
2100
3600
3700
2900
2400
2100
1500
1200
1500
1300
1300
1300
1200
1100
1000
900
900
900
600
600
600
500
400
500
400
400
300
300
300
300
300
300
300
300
300
300
300
300
300
300
300
300
300
400
400
400
400
400
400
400
400
400
400
500
500
800
800
700
1200
1800
1800
500
600
600
400
400
400
400
300
300
300
500
1800
4000
4000
4000
500
4000
2200
900
2500
2600
1400
1700
1800
2000
1800
4000
4000
3600
3700
4000
4000
4000
4000
4000
4000
4000
3700
2600
2500
2500
3100
3400
3200
2900
400
400
400
400
400
400
400
400
400
400
400
400
400
300
300
300
300
300
400
400
400
400
4000
1400
700
3700
3700
3700
800
3700
1000
1600
3700
3700
3700
3700
3700
3700
3700
3700
3700
3700
3700
3600
3700
3700
3700
3700
3700
1200
3200
3700
400
1200
2600
3700
2300
3700
3700
3700
300
300
800
3700
3700
3700
3700
3700
3700
3700
300
400
1000
2300
3700
3700
3700
3700
100
0
0
100
200
200
100
400
3700
3700
1500
1600
1600
22100
1900
2400
4000
4000
4000
4000
600
700
1300
300
4000
4000
400
300
300
400
900
1800
2700
2600
2500
1400
1000
2500
1200
2200
2300
2400
2400
600
700
800
600
500
500
500
4000
3500
3000
3700
2500
3200
2100
4000
4000
4000
4000
2500
4000
2500
500
500
500
500
400
400
400
400
300
300
300
300
300
900
700
700
600
600
600
4000
4000
4000
4000
4000
500
600
1200
4000
4000
400
400
300
400
400
400
500
500
500
600
600
600
700
700
700
700
900
900
900
1200
1200
1400
1500
1500
1500
1700
1800
1800
1900
1900
1900
1900
2100
2500
2500
2500
4000
4000
4000
4000
4000
4000
4000
4000
4000
4000
3600
2500
2500
2100
2500
2500
2500
2500
2400
2400
2500
2100
1800
2000
2000
2100
2100
2000
1800
1900
1900
2100
2500
2500
2500
2500
2700
2700
2700
2600
2800
3200
2900
3000
3000
3000
3000
3000
3200
3900
3600
3700
3600
3500
3400
3600
3400
3600
3700
3600
3700
3700
3700
3700
3700
3700
3700
3700
3700
3700
3700
3700
3700
3700
3700
3700
3700
3600
4000
3700
4000
3900
4000
4000
4000
2000
2100
1700
1400
1300
700
700
400
400
400
400
400
300
500
600
300
300
300
1300
1800
1700
4000
4000
4000
4000
4000
4000
4000
525
25
525
525
525
525
525
525
525
525
525
525
525
525
525
525
525
525
525
525
525
525
525
525
525
525
525
525
525
525
1527
1650
1750
1842
1939
1926
1929
543
215
152
115
115
113
115
112
116
113
145
142
111
108
518
436
421
387
324
339
344
381
352
310
299
471
982
907
837
856
848
841
1363
1452
1352
1327
1307
1303
1898
1896
1878
1895
1877
228
74
70
62
69
80
102
124
136
83
86
77
104
128
442
362
499
444
425
424
427
412
398
1057
926
878
872
1522
1409
1360
1347
1337
1332
1846
1873
1855
1840
2000
2130
2130
2132
2129
2128
2128
2131
2129
2130
21282130
2129
2129
2128
2129
2130
2127
2127
2126
2125
2127
2127
2126
2126
2126
2126
2126
2125
2128
2126
1948
1783
1809
1826
1551
101
103
105
102
286
2144
2010
1956
1938
1938
1935
1938
1920
1923
1923
1923
1937
1949
1817
163
85
89
90
89
892
510
500
469
453
404
386
383
400
372
1820
2093
2123
2095
2089
2081
2003
1845
1873
1874
1870
1871
1869
1870
1871
1870
1829
1829
1829
1830
1830
1829
1828
1830
1829
1829
1827
1828
1829
1828
1829
1828
1828
1828
1825
1824
1823
1822
1820
1746
1745
1746
1746
1745
1745
1745
1745
1745
1744
1744
1744
1744
1745
1744
1745
1744
1746
1745
1745
1744
1744
1743
1743
1742
1743
1739
1740
1738
1739
1740
1738
1739
1739
1738
1738
1738
1737
1736
1737
1736
1737
1735
1736
1735
1734
1734
1733
1734
1733
1733
1733
1731
1732
1731
1732
1731
1729
1729
1730
1730
1729
1729
1730
1728
1728
1729
1728
1727
1729
1727
1728
1726
1728
1726
1726
1727
1725
1726
1727
1725
1725
1725
1724
1724
1725
1723
1723
1723
1722
1722
1721
1721
1721
1721
1720
1720
1721
1719
1719
1719
1719
1719
1718
1719
1718
1718
1717
1717
1718
1715
1716
1717
1715
1716
1716
1716
1715
1715
1715
1714
1716
1714
1713
1713
1712
1713
1713
1712
1712
1712
1712
1712
1710
1711
1710
1711
1710
1710
1710
1710
1711
1709
1709
1709
1710
1709
1710
1708
1708
1708
1710
1707
1709
1708
1708
1709
1707
1707
1707
1707
1705
1706
1704
1706
1707
1706
1705
1706
1706
1704
1706
1705
1705
1705
1703
1705
1703
1704
1705
1702
1703
1703
1703
1703
1701
1702
1703
1702
1701
1703
1700
1701
1701
1700
1700
1701
1698
1699
1698
1699
1697
1699
1698
1695
1697
1698
1696
1696
1697
1696
1696
1697
1694
1695
1695
1694
1695
1696
1694
1693
1694
1825
1824
1987
1983
2033
1577
116
130
133
127
134
136
902
504
409
420
453
449
589
609
631
603
599
603
609
649
491
490
521
523
541
496
570
1100
1147
1118
1133
1140
1157
1160
1715
1599
1584
1596
1626
2264
2094
2137
2154
2180
2174
2174
2692
2651
2682
2682
2691
2522
2559
2626
2656
2565
2123
2195
2125
1997
1956
1801
1858
1779
1743
1796
1844
1858
1875
1881
1890
1895
1894
1896
1936
1837
1898
1771
1758
1767
1761
1843
1779
355
216
279
317
340
341
220
190
213
225
248
265
285
282
283
311
305
205
166
169
170
156
689
607
627
617
585
531
513
520
512
550
532
564
804
716
784
1172
1180
1175
1143
1153
1101
1069
1078
1094
1080
1029
1038
1047
1089
1113
1143
1084
1078
1084
1066
1078
1191
1838
1677
1673
1656
1630
1658
2024
2140
2335
2397
2382
2363
2376
2613
2571
2568
2569
2560
2565
2569
2565
2551
2533
2596
2612
2581
2583
2574
2573
2562
1933
364
358
360
365
369
369
368
369
368
367
373
371
369
366
364
381
423
430
408
405
417
432
333
232
272
338
816
726
705
659
666
656
635
595
648
684
699
691
1038
1284
1226
1165
1111
1123
1143
1124
1099
1109
1126
1278
1829
1794
1748
2077
1962
1736
1872
1900
1911
1924
1937
1943
1978
2426
2410
2417
2412
2409
2405
2403
2492
2621
2635
2628
2622
2625
2622
2595
2604
2590
2587
2589
2588
2591
2591
2589
2614
2632
2631
2633
2634
2645
2659
1975
2029
2052
2057
2415
2583
2567
2572
2575
2567
2609
2609
2613
2623
2626
2627
2621
2630
2628
2635
2641
2640
2650
2645
2649
2648
2648
2653
2652
2651
2654
2658
2652
2659
2659
2659
2657
2654
2238
2429
2449
2449
2447
2453
2451
2452
2448
2444
2445
2424
1773
1886
2272
2356
2358
1978
1827
1765
1861
1858
1869
1106
1330
1488
1503
1502
1501
1515
1519
1526
1516
1525
1526
1487
717
869
918
930
462
252
273
296
324
327
362
351
363
402
395
366
329
138
167
209
230
283
304
1970
2072
1992
1995
2122
2140
22159
2161
2193
2189
2204
2066
2008
1875
1995
1938
1805
2008
1909
1998
1923
128
58
72
88
105
167
176
168
99
75
79
145
569
688
724
713
638
883
1116
1039
1189
1636
1626
1612
2098
2082
2081
2081
2085
2083
2073
2038
2040
2052
1779
1677
1645
1646
2322
2110
2143
2078
2090
2098
2502
2630
2600
2587
2518
2502
2484
2488
1857
110
1757
1824
1615
1951
2067
2066
2058
148
413
637
1345
270
231
265
224
231
485
464
473
506
1055
977
1684
1694
1641
2410
2159
2145
2610
2617
2641
2620
2649
2578
2533
2360
1946
2302
1946
2101
1966
1761
1865

























































































































































































































































































































































































































































































































































































































































































































































































































































































































































































































































































































































































































































































































































































































































































































































































































































































































































































































































































































































































































































































































































































































































































































































































































































































































































































































































































































































































































































































































































































































































































































































































































































































































































































































































































































































































































































































































































































































































































































































































































































































































































































































































































































































































































































































































































































































































































































































































































































































































































































































































































































































































































































































































































































































































































































































































































































































































































































































































































































































































































































































































































































































































































































































































































































































































































































































































































































































































































































































































































































































































































































































































































































































































































































































































































































































































































































































































































































































































































































































































































































































































































































































































































































































































































































































































































































































































































































































































































































































































































































































































































































































































































































































































































































































































































































































































































































































































































































































































































































































































































































































































































































































































































































































































































110
1791
1646
2143
2098
212
47
688
828
1555
1555
2169
2060
1710
1583
1824
1824
1824
1824
1824
1824
1824
1824
1824
1824
1824
1900
1824
1824
1824
1824
1748
1824
181824
1824
1824
1824
1824
1824
1824
1824
1824
1824
1824
1824
1824
1824
1900
1824
1824
1824
1824
1748
1824
181567
2109
1900
1658
1836
1824
1824
1824
1646
1824
1824
1900
1813
1865
2090
1938
1748
2052
1824
1824
1824
1824
1824
1596
1865
1824
1824
1824
1881
1824
1824
1824
1865
1865
1824
1824
1748
1836
1824
1824
1824
1710
1900
1824
1900
1748
1824
1824
1865
1900
1824
1824
1824
1881
1824
1781
2090
1852
1824
1824
1824
1824
1865
1638
1865
2280
1917
1710
1710
1710
1791
1710
1852
1710
2052
1658
1865
1710
1995
1797
1813
2090
1824
1791
1710
2090
1797
1710
1658
1710
1791
1710
1791
1757
2052
1813
1710
1865
1900
1929
2148
2010
2090
2043
1925
1775
1813
1883
1941
2005
2052
2104
2151
2194
2231
2250
2266
2281
2293
2299
2309
2312
2315
2313
2295
2283
2272
2244
2244
2225
2209
2190
2176
2185
2172
2164
2133
2117
2131
2122
2111
2104
2096
2120
2114
2080
2097
2070
2103
2095
2058
2062
2099
2084
2071
2090
2110
2110
2073
2077
2080
2100
2118
2080
2103
2062
2112
2109
2109
2062
2062
2100
2118
2109
2152
2105
2101
2101
2166
2049
2098
2098
2067
2109
2109
2143
2067
2109
2058
2093
2098
2113
2113
2101
2098
2118
2098
2098
2098
2118
2098
2098
2067
2098
2118
2098
2098
2098
2118
2098
2118
2077
2098
2081
2143
2118
2143
2067
2102
2140
2118
2166
2098
2049
2094
2049
2098
2106
2098
2098
2115
2094
2098
2098
2098
2115
2118
2098
2118
2118
2094
2098
2049
2098
2113
2143
2098
2098
2098
2113
2098
2143
2098
2113
2098
2098
2113
2098
2113
2118
2113
2098
2113
2098
2118
2113
2098
2098
2143
2098
2143
2094
2143
2098
2143
2115
2098
2118
2098
2118
2098
2143
2166
2143
2128
2106
2098
2128
2118
2118
2118
2094
2128
2118
2098
2118
2102
2143
2098
2128
2115
2098
2163
2098
2098
2098
2098
2098
2067
2106
2098
2098
2098
2098
2098
2098
2113
2098
2101
2098
2098
2113
2098
2176
2113
2109
2113
2109
2166
2049
2109
2123
2123
2123
2064
2113
2064
2104
2064
2113
2064
2064
2158
2134
2158
2134
2158
2113
2158
2113
2113
2113
2134
2158
2180
2113
2068
2117
2064
2104
2064
2113
2064
2064
2113
2123
2143
2158
2123
2064
2109
2117
2123
2153
2113
2097
2118
2090
2128
2109
2123
2049
2117
2109
2071
2109
2112
2074
2090
2117
2113
2112
2090
2109
2123
2117
2113
2090
2109
2109
2104
2104
2064
2117
2117
2131
2109
2112
2123
2123
2107
2083
2107
2123
2166
2173
2140
2072
2076
2114
2123
2120
2123
2123
2123
2104
2076
2179
2123
2123
2123
2123
2104
2118
2121
2118
2121
2121
2129
2137
2104
2123
2123
2123
2083
2123
2173
2121
2163
2123
2104
2104
2104
2123
2123
2123
2123
2109
2123
2109
2117
2105
2068
2113
2158
2134
2049
2082
2180
2104
2180
2104
2067
2104
2134
2143
2098
2180
2067
2123
2109
2166
2113
2118
2090
2113
2158
2117
2117
2128
2123
2105
2109
2149
2109
2109
2117
2123
2104
2107
2104
2175
2163
2166
2109
2123
2123
2123
2123
2123
2123
2076
2123
2114
2123
2104
2123
2123
2123
2123
2123
2166
2076
2068
2107
2114
2107
2118
2104
2112
2104
2104
2120
2123
2123
2123
2120
2109
2131
2113
2068
2117
2117
2123
2117
2113
2123
2123
2123
2123
2123
2123
2123
2117
2123
2161
2113
2117
2117
2123
2120
2131
2120
2079
2123
2137
2123
2131
2123
2128
2128
2113
2104
2082
2173
2070
2098
2106
2163
2052
2173
2113
2157
2113
2098
2128
2128
2094
2128
2124
2176
2173
2054
2157
2157
2049
2168
2094
2085
2094
2124
2085
2085
2115
2102
2166
2102
2102
2115
2124
2124
2077
2107
2102
2124
2085
2085
2085
2107
2124
2107
2107
2157
2107
2107
2103
2157
2140
2103
2154
2168
2166
2154
2103
2094
2085
2148
2148
2094
2039
2148
2148
2107
2107
2175
2148
2175
2175
2148
2090
2148
2085
2090
2085
2085
2090
2085
2085
2085
2085
2094
2085
2085
2094
2094
2085
2085
2094
2148
2094
2094
2085
2137
2066
2094
2075
2148
2094
2094
2085
2094
2085
2148
2085
2094
2085
2085
2085
2117
2113
2090
2103
2085
2107
2054
2107
2175
2107
2107
2085
2107
2107
2163
2192
2107
2085
2039
2148
2154
2180
2113
2166
2166
2113
2113
2113
2103
2166
2154
2166
2103
2113
2154
2117
2154
2103
2192
2113
2154
2154
2113
2192
2166
2103
2180
2049
2175
2113
2077
2148
2148
2168
2166
2166
2154
2137
2094
2166
2166
2107
2094
2148
2039
2085
2175
2175
2085
2107
2107
2039
2107
2039
2148
2085
2085
2039
2148
2175
2039
2107
2107
2175
2059
2107
2107
2081
2175
2059
2054
2107
2103
2148
2107
2107
2107
2172
2085
2107
2107
2085
2107
2090
2103
2103
2041
2090
2156
2085
2085
2085
2090
2085
2085
2085
2119
2094
2094
2085
2075
2130
2130
2130
2070
2075
2100
2130
2070
2156
2095
2153
2095
2153
2035
2110
2153
2153
2153
2055
2001
2015
2095
2133
2145
2066
2066
2066
2133
2055
2055
2055
2048
2048
2026
2026
1995
2062
2052
2062
2062
2119
2002
2038
2048
2055
2048
2055
1995
2055
2048
1995
2048
2119
2119
2124
1980
2119
2002
2119
2026
2026
2026
2052
2026
2052
2026
2062
2035
2062
2045
2062
2030
2055
2030
2030
2038
2030
2030
2030
2030
1971
2030
1971
2096
2030
2096
2096
1995
1971
2109
2035
2071
1971
2026
2096
1947
2128
2030
2096
2096
1971
2038
2052
2124
2062
2045
2062
2052
2052
2074
2048
2026
2074
2026
2026
2035
2028
2062
2096
2026
2117
2030
2096
2030
2103
2076
2038
2030
2111
2071
2096
2030
2030
2096
2096
2030
2055
2038
2030
2030
2030
2030
2062
2030
2111
2055
2030
2030
2030
2038
2030
2030
1969
1911
1746
1553
1461
1357
1245
1195
1080
1026
990
900
855
848
827
827
735
803
681
689
649
669
642
615
623
548
451
430
498
427
416
320
315
310
301
288
271
253
210
226
128
119
114
121
104
112
107
93
92
90
115
85
91
80
85
75
72
74
66
70
60
60
58
57
55
55
58
58
58
59
61
62
66
63
55
65
56
66
65
64
56
60
61
63
59
65
69
72
74
75
78
79
78
82
88
91
89
95
99
104
109
119
129
137
145
150
158
163
169
175
174
176
179
178
177
175
174
174
173
172
174
182
182
190
190
194
202
202
209
210
213
213
212
214
213
212
211
211
210
211
213
214
214
215
215
217
217
216
218
212
218
217
215
216
212
215
215
213
212
214
215
213
216
217
215
217
219
217
213
214
218
214
216
220
216
218
219
217
220
216
218
215
209
212
210
209
207
202
205
205
200
198
201
198
195
197
192
191
196
195
189
192
190
190
194
195
189
196
195
195
200
198
197
198
202
203
203
200
201
206
205
206
207
208
209
210
211
213
214
215
216
216
216
215
214
214
216
216
218
216
215
218
216
218
219
220
221
223
225
225
225
226
228
229
231
232
233
235
235
238
239
238
238
239
239
238
237
234
235
233
235
234
232
234
232
231
230
228
227
226
226
226
227
228
229
231
228
234
230
236
237
239
238
240
242
246
248
250
253
255
258
260
262
264
266
265
270
268
268
272
271
269
269
271
269
268
268
266
266
271
268
268
267
268
267
266
265
263
262
260
258
256
255
253
251
250
249
247
243
241
241
240
239
238
236
235
235
233
232
229
230
230
229
225
228
224
225
226
224
227
225
227
225
231
226
225
226
224
222
221
226
223
226
227
225
222
223
227
225
225
222
227
225
223
225
227
223
227
227
226
227
228
227
227
227
227
227
227
224
228
230
231
230
230
230
230
230
226
225
226
227
225
231
226
230
232
230
231
231
231
230
230
228
226
224
222
219
217
213
205
205
198
195
195
193
189
186
179
183
180
174
173
176
176
173
171
173
172
166
163
160
163
161
161
153
157
156
155
154
149
153
147
151
150
144
147
146
146
145
144
144
140
145
145
141
148
149
151
152
149
155
151
152
151
153
160
161
165
167
170
173
177
178
180
181
183
183
184
185
187
187
187
187
185
187
187
187
185
185
188
188
189
188
190
189
189
191
190
191
190
190
192
195
198
194
195
194
199
195
195
196
198
196
196
195
196
196
195
197
195
194
195
193
192
190
193
192
197
200
200
202
204
208
212
215
219
220
223
229
231
231
232
233
234
234
235
237
237
238
240
241
243
244
246
246
249
249
250
250
250
250
249
250
249
249
249
249
249
248
247
246
245
244
242
241
239
239
236
238
235
235
235
234
233
236
231
229
230
229
227
227
222
221
217
212
211
206
204
205
202
201
202
202
200
199
200
199
198
197
196
195
192
190
192
190
190
193
194
193
194
197
196
197
198
198
198
198
198
198
198
199
201
202
205
206
207
211
213
210
210
215
216
217
218
219
220
219
219
220
220
220
219
218
217
215
214
212
214
213
211
209
208
210
211
206
210
205
209
208
208
209
211
213
216
219
221
223
225
227
227
227
225
227
227
224
224
224
224
222
222
220
221
220
218
219
219
217
219
218
218
218
217
217
217
219
222
225
231
236
245
255
262
267
272
276
278
281
281
280
281
280
280
279
278
276
276
276
276
276
275
276
276
276
276
275
274
274
273
271
270
271
270
269
268
267
264
262
260
255
251
246
240
234
230
224
216
208
202
201
197
193
187
182
183
176
176
169
168
162
158
154
152
147
143
140
132
129
124
119
120
113
109
105
102
100
97
90
93
91
87
86
82
79
76
75
71
70
67
65
62
66
64
62
60
62
58
56
62
63
62
50
57
55
53
51
53
51
49
55
47
46
44
52
44
51
43
51
51
43
51
51
40
50
50
50
50
46
49
46
49
49
46
49
49
43
45
45
41
45
44
48
45
49
44
46
44
44
45
45
42
41
41
41
41
41
41
41
41
41
42
38
42
42
38
42
39
42
42
42
42
39
39
39
46
39
39
42
42
42
42
42
42
40
40
42
42
46
39
40
42
39
42
42
42
42
42
42
42
42
42
45
42
42
42
44
42
46
42
39
46
46
39
46
50
49
49
49
44
39
50
37
47
45
46
46
49
45
42
45
39
39
50
46
49
50
40
47
39
50
47
50
50
50
42
42
50
47
50
50
43
50
43
43
43
43
43
45
50
50
43
50
43
43
42
43
42
45
50
42
43
43
50
43
50
42
43
50
43
50
50
43
45
45
43
45
46
50
47
42
45
43
46
45
50
43
45
43
43
46
43
48
43
52
50
47
43
43
50
43
43
50
43
45
45
43
43
45
43
43
43
46
46
48
46
46
50
43
45
50
48
50
50
50
48
48
48
43
48
48
55
47
46
48
43
50
46
45
47
48
50
50
53
46
46
50
50
45
48
48
45
46
55
50
43
46
48
45
50
48
47
46
47
50
46
46
45
46
43
48
50
46
43
50
43
48
48
46
48
46
50
46
48
48
46
48
50
47
43
48
43
48
46
48
47
46
43
46
48
48
43
46
46
43
46
48
46
46
43
45
46
56
55
46
46
48
45
48
48
47
50
46
45
43
43
43
46
50
50
50
46
48
48
50
46
45
46
46
48
48
50
48
45
43
48
45
47
48
51
43
50
47
45
43
46
46
45
50
48
46
43
43
47
50
46
43
50
43
50
45
48
43
48
45
43
43
43
45
48
43
45
43
45
43
43
45
43
46
43
48
43
43
45
46
43
45
43
43
45
48
48
43
45
45
43
43
43
43
43
43
45
43
43
43
43
43
48
43
48
46
43
43
43
43
43
43
43
45
43
43
43
50
50
43
43
43
43
45
50
43
43
43
43
43
43
43
43
43
43
43
43
50
43
43
43
43
50
50
43
50
43
43
50
50
43
43
43
43
43
43
43
50
43
50
43
43
43
43
43
50
50
43
43
43
43
43
43
50
43
43
50
50
43
43
50
43
48
50
50
43
50
43
43
50
43
43
43
43
43
43
43
43
43
43
50
43
43
50
43
43
50
50
45
50
43
50
43
50
43
43
43
43
51
43
43
43
43
43
43
43
43
43
43
43
43
43
50
50
50
43
48
43
43
50
43
46
50
43
43
50
43
43
43
43
43
43
43
43
43
43
45
43
43
45
43
51
43
50
45
43
45
43
45
45
43
43
43
45
45
43
43
43
48
43
45
43
46
48
43
43
43
43
48
43
43
48
43
53
45
50
43
48
46
51
43
46
43
46
43
48
43
43
43
43
43
45
43
43
43
47
43
46
43
43
46
50
45
48
43
48
45
43
43
48
43
43
47
43
43
43
46
47
43
50
43
43
48
46
43
46
46
48
45
46
46
45
48
43
43
48
45
46
48
48
47
43
46
43
43
43
43
46
43
50
43
46
43
43
46
43
45
43
43
46
43
51
45
51
43
43
43
50
45
46
43
48
43
46
46
46
43
43
43
43
43
43
43
46
48
48
49
43
43
43
46
43
49
43
43
43
46
43
43
43
43
47
43
46
46
50
47
43
43
43
43
43
45
49
43
43
46
45
43
48
43
43
45
43
51
43
43
45
43
43
47
45
43
43
46
43
43
43
46
43
46
43
43
43
43
43
43
43
46
51
51
43
46
43
46
43
43
43
51
43
46
43
43
43
43
43
43
43
43
43
43
43
48
43
46
43
43
51
43
43
43
50
43
43
51
43
43
43
43
51
43
43
43
43
43
43
43
43
46
43
43
43
43
43
43
43
43
43
51
50
43
43
43
43
43
43
43
51
43
43
45
46
46
43
43
43
43
51
43
43
43
43
43
43
43
43
51
43
46
43
43
43
51
51
51
43
43
43
43
43
43
43
43
43
43
43
43
43
43
43
43
43
43
43
43
46
51
43
51
51
46
51
43
51
46
43
51
43
43
43
43
43
43
43
43
43
43
43
44
43
43
43
44
43
43
43
46
51
51
44
43
43
43
53
43
43
43
43
51
43
43
46
43
43
44
43
43
43
44
43
46
44
43
43
43
51
43
51
43
44
51
43
51
49
43
43
43
43
43
43
46
43
43
43
43
43
43
44
44
43
43
43
43
43
47
43
43
51
46
44
46
46
46
51
51
46
43
43
43
47
43
46
43
44
43
43
44
43
43
43
43
43
44
43
43
46
51
44
44
43
44
43
43
43
43
46
43
43
46
43
43
44
43
43
44
47
43
46
49
43
44
43
43
43
44
51
46
51
46
44
46
43
51
43
44
43
46
43
51
43
44
48
44
43
43
44
44
44
49
44
44
43
46
44
54
46
44
51
43
43
46
43
44
48
51
43
46
43
43
44
44
43
43
43
43
46
43
48
48
46
46
46
43
43
46
43
51
51
43
43
43
51
51
46
43
43
43
51
43
46
47
46
43
43
43
43
43
43
43
43
43
43
43
44
43
43
43
46
51
43
43
43
43
44
43
43
43
43
44
44
43
53
43
44
43
43
44
43
46
43
43
43
43
43
43
46
43
43
46
43
46
43
43
43
43
43
43
43
43
43
43
43
43
43
43
43
43
43
43
43
43
51
51
43
43
51
43
51
51
43
51
51
51
43
51
43
43
43
43
43
43
43
44
44
44
43
43
43
43
43
43
43
46
48
51
51
48
46
50
43
50
48
50
48
50
46
46
48
48
50
50
50
50
46
50
50
53
50
43
53
53
52
46
53
48
55
48
48
48
52
50
50
52
55
52
53
50
55
48
50
50
48
53
53
54
55
50
59
59
59
52
54
57
58
59
61
57
57
57
57
63
57
57
59
62
64
66
66
67
63
66
66
66
64
66
73
66
68
71
75
71
75
75
81
77
77
80
84
78
82
87
80
85
85
90
87
88
94
100
99
104
109
115
116
120
133
142
149
158
168
183
195
205
217
226
247
255
274
284
293
302
314
323
333
340
350
356
363
376
383
387
390
397
401
406
408
410
415
418
419
423
425
429
424
429
427
426
431
431
428
431
430
430
435
438
435
441
440
444
453
458
463
471
475
485
492
496
506
510
519
524
533
538
546
557
561
570
581
588
597
603
610
618
622
627
633
634
635
642
642
645
648
655
661
663
665
668
668
672
674
679
685
684
690
692
696
699
699
701
699
694
692
684
677
665
657
646
634
623
607
599
584
574
562
552
535
521
506
489
462
448
424
393
367
345
322
301
290
273
263
253
240
238
227
222
220
211
208
204
195
192
190
181
179
170
162
164
155
149
149
140
142
141
139
132
128
127
121
123
123
113
107
107
106
100
103
97
93
90
97
97
91
87
85
91
89
88
86
79
79
83
79
74
81
79
77
77
72
77
74
72
73
72
72
72
68
68
65
68
65
72
70
68
70
66
66
66
63
63
63
63
66
68
66
66
66
63
63
63
61
61
59
61
61
56
59
56
56
66
61
63
63
61
61
61
61
57
59
57
58
56
56
63
63
56
56
63
63
60
54
63
58
60
58
51
49
57
58
58
56
58
57
57
58
58
57
57
57
57
57
54
54
54
54
52
51
54
53
51
51
58
52
49
51
51
49
48
51
47
58
54
54
57
55
55
49
54
54
55
53
57
54
54
54
54
54
54
54
52
51
54
53
51
54
52
52
52
51
53
53
54
51
51
51
51
53
53
51
58
51
51
51
51
51
51
51
51
51
55
58
48
51
49
51
55
46
49
48
51
51
49
51
51
51
51
51
53
51
51
51
51
51
53
53
53
53
53
53
53
53
54
53
56
53
57
58
55
56
57
56
56
57
57
56
57
56
56
56
50
57
56
56
57
56
50
57
57
50
50
57
52
57
57
50
50
60
58
52
57
53
57
52
53
50
53
51
52
52
60
60
61
51
52
60
60
57
57
50
50
57
56
56
57
56
56
57
53
53
56
53
50
53
51
53
50
50
50
50
50
51
51
51
50
48
49
49
55
55
53
56
54
53
55
51
56
55
53
56
53
53
51
53
53
53
53
51
53
53
44
51
51
53
51
51
51
51
51
53
51
51
51
51
50
50
51
51
53
53
50
51
50
50
50
53
50
54
53
53
53
53
50
55
53
50
53
50
47
53
55
53
53
53
53
53
50
53
53
45
53
53
48
47
56
53
54
54
47
47
46
56
57
50
48
50
57
57
55
54
54
57
53
54
57
50
57
50
50
57
50
50
50
50
50
50
52
52
50
52
50
50
50
50
52
57
50
50
57
59
52
50
53
50
50
59
50
50
50
50
50
50
50
52
53
52
52
52
55
50
52
52
50
52
52
53
55
53
54
55
53
57
53
52
55
52
54
55
55
52
57
55
56
54
57
55
55
55
55
55
55
55
56
55
55
57
55
55
55
57
55
55
52
57
57
56
55
55
57
55
55
57
55
55
55
55
57
55
57
56
58
58
60
48
59
57
57
57
58
58
57
57
57
59
57
57
50
57
57
57
51
60
60
60
53
50
50
53
51
51
51
53
51
51
51
53
51
51
44
44
44
51
51
51
44
51
52
47
51
54
47
54
47
45
48
48
55
50
53
58
48
48
51
49
46
49
58
51
48
53
52
53
60
54
54
54
54
59
57
54
58
60
61
61
59
61
60
62
62
57
56
60
59
62
62
64
67
74
73
77
76
83
92
102
119
135
149
152
158
165
163
172
170
172
176
172
191
216
242
267
283
318
329
368
375
394
443
481
527
518
570
631
787
966
1384
1995
2121
2250
2035
2119
2162
2145
2125
2148
2156
2107
2148
2107
2175
2175
2137
2163
2148
2133
2085
2090
2099
2090
2137
2103
2090
2107
2107
2107
2107
2163
2140
2140
2137
2107
2157
2157
2107
2107
2157
2098
2107
2111
2128
2118
2118
2118
2118
2118
2118
2182
2081
2182
2182
2157
2157
2233
2133
2201
2223
1923
990
775
694
627
668
581
570
565
562
560
555
531
536
550
536
556
556
555
579
582
597
603
612
625
630
644
660
676
693
741
757
754
800
832
916
861
920
987
1001
1030
1167
1374
1506
1638
1748
1923
1865
1938
1923
1982
1982
2058
1982
2006
1982
1982
2046
2090
2106
2047
2074
2047
2111
2035
2096
2074
2104
2035
2090
2111
2035
2074
2063
2014
2016
2047
2016
2005
2047
2035
2035
2035
2004
2106
2066
2035
2106
2035
2035
2035
2113
2066
2113
2016
2016
2016
1995
2106
2007
2046
2066
2006
2032
2042
1971
2006
2018
2006
2006
2006
2006
2090
2080
2006
1951
2020
1969
1982
1969
1982
2008
1969
1969
1908
1908
1908
1966
1927
1927
1865
1845
1911
1865
1888
1868
1911
1865
1911
1911
1911
1911
1881
1900
1865
1927
1911
1900
1865
1900
1865
1881
1927
1865
1900
1845
1865
1865
1911
1927
1872
1845
1881
1963
1909
1966
1927
1966
1980
1927
1909
1966
2045
1950
2040
1908
2007
1908
1982
2020
2020
2020
1982
2020
2008
1933
2020
2090
1963
2008
2008
2020
1965
2020
1969
2008
2020
1963
2056
2020
2046
1963
1984
1963
1963
1963
2020
2020
2007
2056
1971
1982
1995
1947
1982
1951
1960
1951
2018
1966
2008
2008
1951
2008
1969
1943
1915
2010
1980
1980
1900
2101
1963
1890
1900
1757
1531
1393
1330
1266
1197
1114
1163
1118
1140
1065
1045
1076
997
1081
1008
956
1022
971
1001
919
898
870
920
888
868
820
867
820
820
848
848
836
830
778
777
842
842
824
773
842
803
848
792
892
848
889
897
922
932
943
1030
1112
1248
1389
1575
1710
2090
2236
2190
2185
2258
2261
2206
2213
2254
2268
2269
2280
2280
2288
2280
2287
2280
2307
2286
2310
2308
2300
2332
2333
2330
2322
2345
2345
2330
2330
2348
2340
2366
2350
2361
2373
2377
2369
2363
2364
2363
2374
2365
2366
2356
2355
2356
2356
2355
2349
2350
2359
2351
2350
2357
2357
2350
2352
2352
2351
2351
2352
2351
2353
2355
2342
2349
2345
2347
2343
2342
2343
2341
2337
2337
2334
2337
2336
2334
2333
2333
2332
2331
2330
2333
2330
2330
2329
2328
2323
2326
2324
2323
2321
2320
2321
2317
2318
2319
2321
2322
2326
2328
2330
2333
2337
2340
2339
2339
2343
2343
2350
2348
2350
2349
2350
2356
2353
2356
2354
2354
2358
2363
2355
2356
2356
2362
2361
2361
2362
2358
2356
2362
2359
2357
2354
2352
2353
2348
2350
2351
2348
2349
2348
2348
2348
2346
2345
2348
2348
2346
2349
2348
2349
2343
2343
2343
2338
2330
2327
2318
2307
2296
2287
2276
2264
2256
2245
2236
2225
2212
2199
2185
2173
2161
2149
2137
2125
2113
2099
2085
2073
2059
2047
2037
2028
2021
2018
2015
2015
2016
2018
2022
2024
2028
2033
2036
2037
2039
2038
2037
2034
2032
2029
2025
2019
2017
2012
2007
2003
2000
1997
1994
1993
1992
1993
1992
1993
1994
1996
1998
1999
2002
2003
2004
2004
2005
2004
2003
2002
2000
1998
1996
1994
1992
1989
1988
1986
1984
1983
1981
1980
1980
1979
1978
1978
1977
1978
1978
1979
1978
1978
1979
1978
1979
1978
1978
1978
1976
1974
1974
1972
1972
1970
1968
1967
1965
1965
1963
1962
1961
1960
1960
1960
1960
1959
1959
1959
1959
1959
1958
1957
1958
1957
1956
1956
1953
1954
1952
1952
1950
1949
1949
1948
1947
1947
1946
1945
1945
1943
1943
1943
1942
1941
1941
1941
1941
1940
1939
1940
1939
1938
1937
1936
1935
1935
1933
1932
1932
1932
1931
1930
1929
1929
1929
1928
1927
1928
1927
1926
1924
1925
1924
1923
1923
1923
1921
1921
1920
1920
1919
1919
1918
1918
1917
1916
1916
1915
1915
1914
1913
19








 
















77
7
7
7
7
7
7
7
3
3
3
3
3
3
3
7
7
7
7
7
7
7
7
7
7
7
7
3
3
3
3
3
3
7
15
15
15
15
15
15
15
7
7
7
7
7
7
7
7
3
3
3
3
3
7
7
15
15
15
15
15
1952
1943
1945
1518
2280
2318
2259
2116
1061
1081
1208
1197
1065
1014
2371
2337
2315
2323
291
280
292
427
101
84
131
90
177
203
167
69
58
53
54
62
74
60
93
55
58
456
405
376
366
371
369
368
530
846
837
832
817
808
806
882
922
1449
1365
1357
1355
1361
1349
1318
1343
1321
1092
1271
1321
1332
1322
1411
2119
2057
2026
2017
1981
1990
1983
1938
1927
1964
2461
2468
2438
2430
2419
2405
2390
2388
2373
2392
2380
2370
1465
1481
2106
2357
685
360
840
1704
1825
2304
2463
2448
2424
2445
2470
2470
2448
2460
2060
2088
2140
2124
1907
1548
1537
1573
1569
1533
1215
1023
1027
1009
1027
560
545
541
547
539
55
53
62
63
72
86
76
81
97
96
92
95
113
94
116
125
108
99
109
407
405
416
426
431
418
427
425
1053
1043
1041
1043
1025
1033
1019
1018
1007
1013
1444
1565
1571
1603
1578
1573
1568
1594
1599
1581
1568
1601
1603
1563
1598
2089
2091
2090
2101
2089
2060
2084
2071
2055
2074
2129
2549
2502
2443
2434
2415
2404
2403
2400
2384
2396
2385
2404
928
641
134
1928
798
2206
2164
2075
1979
1710
1928
1924
1923
1926
1926
1929
1925
1924
1927
1927
1924
1924
1922
1927
1925
1923
1924
1926
1925
1923
1924
1928
1929
1922
1921
1922
1924
1926
1925
1920
1924
1924
1924
1921
1927
1927
1923
1924
1926
1924
1925
1922
1922
1922
1920
1923
1922
1922
1922
1920
1922
1920
1922
1925
1918
1923
1920
1922
1923
1918
1921
1922
1918
1922
1922
1921
1920
1922
1921
1920
1921
1918
1921
1919
1921
1922
1920
1920
1918
1747
1744
1744
1743
1747
1743
1743
1744
1744
1744
1744
1744
1745
1744
1744
1745
1747
1747
1747
1747
1746
400
4000
4000
4000
4000
4000
4000
1100
2800
4000
4000
4000
400
400
400
700
1000
4000
4000
4000
3400
4000
4000
4000
3700
400
400
700
500
2400
3000
3100
2800
2600
4000
500
4000
3900
3200
3400
4000
4000
4000
4000
3900
4000
4000
3900
4000
4000
4000
4000
4000
4000
4000
4000
4000
4000
4000
4000
4000
4000
4000
4000
3700
4000
3300
4000
4000
4000
4000
4000
4000
4000
3700
4000
4000
4000
3800
4000
4000
3000
3800
4000
3900
4000
4000
3900
4000
4000
4000
4000
4000
3200
3900
4000
4000
3900
3600
4000
3900
3500
4000
3400
4000
3600
3700
3700
4000
3700
4000
4000
4000
4000
4000
4000
4000
4000
3700
4000
4000
4000
4000
4000
4000
4000
4000
4000
4000
4000
4000
4000
4000
4000
4000
4000
4000
4000
4000
4000
4000
4000
4000
4000
4000
3700
4000
4000
3300
4000
4000
4000
4000
3300
4000
4000
3800
4000
4000
4000
3900
3700
4000
3900
2700
4000
4000
4000
4000
4000
4000
3400
4000
4000
3800
3700
4000
2500
3800
2700
3900
4000
4000
4000
4000
4000
2900
4000
4000
4000
4000
4000
4000
4000
4000
4000
3900
4000
4000
4000
4000
3700
3900
4000
4000
3900
4000
3700
4000
4000
4000
4000
4000
1400
1300
700
1700
4000
4000
4000
4000
4000
4000
3700
2500
4000
4000
4000
4000
4000
4000
4000
4000
4000
4000
4000
4000
1700
1100
300
400
400
400
1200
2000
3400
3800
2700
300
300
1700
2200
1400
4000
2500
1100
4000
4000
4004000
4000
4000
500
1400
3800
4000
1600
4000
4000
4000
4000
4000
4000
4000
4000
4000
4000
4000
4000
4000
3900
4000
1300
4000
4000
4000
3600
4000
600
600
1000
800
600
400
400
300
4000
2600
300
400
400
400
300
400
400
300
300
400
500
400
400
400
400
400
400
4000
4000
4000
4000
4000
4000
4000
900
2600
2800
2500
2500
4000
700
700
1000
1400
900
800
800
600
400
400
300
300
300
300
300
300
300
400
500
600
500
300
300
300
600
700
400
300
400
2500
2800
2400
2500
2000
300
4000
4000
4000
4000
300
300
400
300
300
600
600
500
700
700
700
900
1000
900
900
900
1200
1200
1100
1300
1400
1300
1400
1400
1600
1300
1800
1500
2300
1900
2100
1900
2500
2100
2000
1900
1700
2600
2700
2500
2100
1800
2500
1900
2600
2500
3300
2800
2600
2600
2700
2900
2500
2600
4000
4000
4000
4000
4000
3600
4000
3800
2500
700
700
700
300
400
400
400
300
300
600
300
300
300
300
300
400
600
600
800
700
900
900
900
600
400
500
500
500
500
500
500
600
1000
2700
4000
3200
2100
1300
1500
1300
1300
1500
1800
600
400
400
1100
1100
1100
1100
500
300
300
300
3300
4000
4000
4000
700
500
400
400
300
300
300
300
400
500
400
400
1000
300
700
700
4000
4000
2000
500
600
600
300
300
300
300
300
500
500
500
600
700
800
800
800
800
1200
1200
1100
1200
1400
1500
1300
1300
1600
1500
1500
1500
2000
2400
2400
2500
3100
2800
3300
3200
3400
3700
4000
3200
3700
3700
3700
3700
3300
3300
3000
2900
2700
3300
3700
2600
2700
4000
4000
4000
4000
4000
4000
4000
4000
4000
4000
4000
4000
4000
4000
1500
1300
1300
1300
1300
1200
1100
500
4000
500
400
400
300
300
500
500
600
1000
1000
1000
1400
1300
1500
1500
1700
1500
1800
1800
1500
1700
1800
1700
1700
1700
1600
1900
2500
2100
2400
2200
1900
1800
1900
2100
1900
2500
2500
2500
2200
2700
3000
2800
3100
3300
2800
2800
3100
3000
2600
2500
2500
3600
3600
400
500
500
500
600
700
600
700
700
700
700
600
700
500
500
500
4000
4000
4000
4000
4000
3500
300
3800
4000
400
4000
700
2000
2650
2200
2200
2900
2200
2200
2200
4000
2200
2200
2200
2200
2200
2200
4000
2200
2200
2200
2200
600
700
700
700
950
1050
700
700
700
700
650
650
700
700
600
550
500
400
450
300
300
300
300
500
450
550
600
700
700
950
3800
1650
700
550
700
600
400
550
500
550
350
400
450
450
1150
3700
4000
2200
4000
4000
4000
2200
4000
2200
2200
4000
4000
2200
4000
4000
4000
2200
4000
4000
4000
4000
2200
3700
4000
4000
2200
2200
2200
650
400
550
300
350
600
600
650
750
800
550
550
550
600
500
400
300
300
300
350
400
450
450
500
550
550
600
700
700
750
850
1100
1150
1200
2500
4000
2000
1950
2800
1950
2200
1200
600
550
800
4000
4000
4000
4000
550
550
600
550
500
500
500
300
300
300
300
500
500
550
700
700
750
700
800
1000
950
1000
950
1150
1200
1450
1350
1400
1350
1300
1550
1600
1600
1550
1800
2150
550
550
450
3800
4000
400
400
550
350
550
550
550
600
750
850
850
800
850
900
1100
1050
1100
1100
1100
1000
1450
1300
1300
1150
1250
1200
1200
1150
1150
950
1050
1000
1050
900
900
750
600
550
500
450
500
4000
4000
2200
2200
4000
4000
4000
4000
4000
4000
4000
2200
3700
3950
2200
2700
2200
2200
2200
4000
3800
2200
4000
800
500
450
350
300
300
350
350
350
400
400
400
400
400
300
300
300
300
350
400
450
400
350
400
450
400
400
450
350
350
300
300
300
350
400
450
4000
4000
4000
4000
4000
4000
4000
4000
750
300
400
350
650
850
800
550
400
400
400
400
400
400
400
500
800
850
750
700
700
700
650
650
550
500
550
750
450
550
500
550
550
600
400
450
500
550
550
650
600
600
650
650
650
700
600
650
650
600
600
550
600
600
650
650
650
600
600
600
550
550
550
550
500
550
550
550
500
400
450
450
700
700
750
800
800
800
800
750
850
850
850
900
850
850
950
950
900
1000
1050
1050
1050
1000
1150
1150
1150
1200
1150
1450
1250
1200
1150
1200
1300
1250
1550
1350
1350
1350
1350
1300
1500
1350
1600
1550
1500
1600
1650
1750
2000
1850
1600
1850
1900
1900
1800
1850
1750
1200
850
850
900
900
850
850
850
4000
2200
2200
4000
4004000
3700
600
500
500
400
400
300
400
300
300
400
400
500
400
400
500
500
500
500
400
400
500
400
400
400
400
400
500
600
500
600
600
600
600
600
700
700
700
800
700
800
800
800
800
800
900
900
900
1000
1000
1000
1100
1100
1100
1200
1200
1100
1300
1300
1300
1100
1400
1500
1400
1400
1600
1700
1500
1500
1700
1500
1600
1100
1500
1800
1500
1600
1600
1500
1500
1600
1600
1500
1600
1500
1500
1500
1200
1300
2000
2600
2900
3700
2800
2800
2300
2400
2500
2600
2500
2500
2300
2500
2600
2500
2600
2100
2500
2300
2600
2500
2800
2600
3000
2500
2500
2500
2700
2500
2500
2300
2500
2700
2700
3100
2800
3100
2800
2500
2100
2500
2600
2900
2800
2900
2500
2500
2500
2500
2800
2700
2900
2500
2500
2600
2500
2600
2500
3200
2500
3000
2700
2700
2100
2700
2700
2700
2700
2800
2500
2800
2600
3100
2700
2900
3200
2800
3900
3600
2800
3200
3100
2600
3100
2500
2800
3200
3400
3000
2900
3400
3700
3400
3300
2900
3400
3900
3700
3700
2900
2900
2900
3300
2900
3800
4000
3700
3700
3000
2700
2600
2600
2600
2500
3700
3700
3800
3700
3900
3000
3600
3800
3200
3500
4000
3800
3500
3300
2600
1200
4000
4000
4000
4000
4000
4000
4000
4000
4000
4000
500
2500
2300
4000
4000
4000
4000
4000
4000
3800
3800
4000
4000
4000
4000
3800
4000
4000
3900
4000
4000
4000
4000
3700
4000
4000
4000
4000
4000
3700
4000
3800
3700
4000
4000
4000
4000
3500
4000
3200
3400
3900
3700
3700
3000
3000
2700
3700
2900
3300
2400
1800
1600
1500
1300
1200
1100
1000
600
400
400
400
500
600
500
400
400
400
400
500
500
500
700
600
700
600
600
400
400
500
400
500
500
600
600
600
800
700
800
900
1000
900
900
900
1100
1200
1200
1400
1400
1500
1400
1500
1600
1500
1400
1500
1600
1600
1700
1800
1700
1800
1800
2100
2100
1800
2500
2400
1900
2400
1900
2200
1900
2500
2500
2500
2500
2900
3000
3500
3800
3400
3800
3500
4000
4000
3800
3900
3700
1900
400
4000
4000
4000
4000
4000
4000
4000
4000
4000
500
300
400
300
300
300
400
400
500
500
500
500
500
600
400
400
300
500
500
300
400
500
500
600
500
600
600
700
900
900
700
700
600
500
600
500
500
500
600
500
500
500
600
500
500
500
500
500
600
600
600
600
700
600
700
600
700
700
700
700
800
800
700
700
700
800
900
900
900
900
1000
800
900
900
800
900
1000
900
1100
1000
1200
1100
1200
1300
1200
1500
1100
1500
1500
1700
1500
1700
1700
1700
1400
1900
1500
1600
1900
2500
1900
1200
800
400
4000
4000
4000
4000
4000
4000
4000
4000
3604000
4000
350
450
500
350
500
450
450
450
500
500
500
500
450
450
450
300
300
300
350
350
300
350
400
400
450
450
550
500
550
550
550
550
600
650
600
650
650
700
750
700
700
850
950
950
950
1800
1100
1850
1050
1250
1000
950
950
1150
1400
1300
1500
1600
1550
1750
1950
1550
1700
1750
1750
2100
1950
1850
1550
1650
1550
1900
1550
1350
2550
1500
3000
1550
850
850
850
800
900
900
1050
1350
2550
2100
2850
2000
2050
2500
2150
1550
1750
1550
1550
1150
1550
1550
1600
1150
1200
850
750
750
750
800
900
2250
2800
1850
1900
1850
1750
1850
1500
1800
1600
1750
2150
1600
1850
1550
1700
1800
1900
1800
2000
1950
1950
1550
1900
1950
1500
2500
1950
1550
1500
1400
1300
1400
1400
1350
1500
1500
1500
1400
1400
1500
1200
1300
1500
1400
1350
1300
1550
1550
1450
1450
1400
1350
1550
1550
1350
1550
1500
1350
1450
1850
1700
1650
1650
1950
1800
2000
1900
1850
2000
1650
1500
1850
1650
1600
1550
1550
1600
2550
2650
1200
500
350
350
300
300
300
300
300
300
300
300
300
300
300
300
300
300
300
300
300
300
300
300
300
300
300
300
450
450
450
350
450
750
750
750
650
600
650
750
700
750
800
750
800
700
800
750
800
750
750
750
800
900
900
850
950
950
850
1000
850
1000
950
1000
1000
1000
1050
1050
1150
1050
1150
1050
1150
1250
1000
1150
1350
1200
1350
1150
1150
950
1450
700
3400
2150
2400
1400
3700
4000
4000
4000
4000
4000
1000
4000
4000
500
500
500
400
350
350
300
300
300
400
450
450
500
550
550
700
700
700
900
1000
950
900
900
1200
1200
1250
1200
1250
1350
1350
1500
1400
1450
2500
1950
2000
2150
2500
2500
1700
1550
1950
2000
1900
1700
1700
1950
2000
1500
1550
1400
1900
2550
2500
2750
3650
3700
4000
3400
3750
4000
3550
4000
4000
4000
3350
4000
4000
4000
3750
3350
2000
1350
850
650
650
550
350
300
650
900
1350
2550
2850
2100
1150
700
650
550
550
600
700
1050
1300
2000
4000
3800
4000
4000
4000
4000
4000
300
4000
3650
22000
4000
3850
400
500
500
400
400
400
400
400
400
350
350
300
300
300
300
300
300
300
300
300
400
350
400
400
400
400
400
450
450
450
500
500
450
500
450
500
500
450
450
500
450
450
500
500
500
500
550
500
500
550
550
550
550
550
550
550
550
550
550
550
550
550
550
600
600
550
600
550
600
550
600
600
600
650
550
600
650
700
650
700
850
850
1500
900
1300
1250
700
700
650
700
700
700
850
850
800
850
900
900
900
1950
1700
1550
2500
2500
1750
1100
900
850
1150
1000
1000
1050
1300
1500
600
1650
1850
1400
1500
900
900
900
900
850
1000
950
950
900
1000
1000
900
950
1000
900
850
1100
1150
1100
1150
1250
1400
1300
1500
1350
1650
1650
1700
1100
1400
1100
1150
1100
1300
1300
1350
2000
1800
1650
1700
1500
1700
1350
1600
1550
1350
1350
1400
1350
2000
1800
2150
1600
1800
1200
2450
4000
400
550
550
450
400
350
300
300
300
350
450
550
550
900
2150
1950
4000
1500
4000
2200
40000
4000
4000
2500
4000
4000
4000
3750
800
4000
350
400
2150
1150
3750
2500
500
400
400
350
350
350
400
350
400
350
500
550
550
550
550
550
600
650
650
650
700
750
800
800
850
1000
1150
1300
1150
1350
1550
1500
1850
1800
1900
2550
1850
2500
2900
2400
2600
2950
4000
4000
3150
4000
3650
3500
4000
4000
4000
4000
3750
4000
500
350
300
900
700
650
700
750
900
900
1000
1150
1150
1350
1350
1550
1700
1850
1850
2100
2550
1900
2650
2800
2550
3150
3750
2750
3750
4000
4000
4000
3200
1900
900
700
600
400
400
3550
300
4000
4000
4000
430
790
900
1230
1020
939
820
720
630
690
370
400
440
419
510
330
430
380
400
370
440
640
690
740
820
1000
1010
1030
1130
1160
1340
1440
0
3500
4004
3100
0
2930
2890
850
550
4005
1440
630
550
450
440
380
340
300
530
670
550
530
480
530
510
530
540
440
410
380
390
380
460
460
510
510
530
540
650
680
680
750
1070
1150
1250
1380
1180
1050
1200
1310
1270
1240
1150
1000
4005
0
0
1020
0
11327
1322
630
2013
2025
2032
2045
2030
2025
724
167
160
164
152
166
194
230
566
499
433
479
445
435
1177
1069
1005
1016
1783
1271
1204
1172
1190
1152
1157
1812
1688
1586
1547
1578
2158
2179
2136
2105
2585
2573
2541
2514
2525
2509
2249
2563
2589
2557
2264
2110
2224
2160
2732388
1804
3495
2944
2807
2764
1895
2187
2241
2367
2462
2112
2148
1934
1812
1381
1255
1481
2904
2863
2840
2832
2802
2786
2709
3451
1448
2003
1636
1638
1566
1698
1846
1942
1975
1989
1949
1958
136
124
152
218
218
205
235
137
137
133
130
133
136
138
129
134
134
149
144
151
155
157
152
160
215
465
454
485
486
488
491
587
586
587
591
1144
1115
1131
1134
1782
1769
1771
2268
2247
2247
2609
2708
2698
2428
2078
2156
1953
1959
1970
1918
1879
1880
1879
1854
160
163
141
141
141
147
126
123
126
124
117
1508
2230
2235
2417
2697
2449
2612
2044
1834
1880
1672
127
112
115
115
116
118
1850
2108
2069
1956
861
224
196
154
157
185
605
1097
1176
2032
1936
1408
1686
1628
463
906
2092
2289
2026
1874
2681
2052
394
129
246
266
273
289
276
308
342
370
672
561
530
557
523
1292
1162
1092
1619
1841
1659
1531
2198
2122
2042
2586
2632
2599
2030
2362
2391
2394
2290
2363
2320
2317
2309
2301
2272
2198
1096
745
1000
666
707
616
662
645
634
649
681
598
598
600
609
586
599
586
587
586
586
658
646
646
636
634
634
636
635
621
621
615
604
601
586
576
577
571
580
595
624
619
658
658
669
663
658
661
663
662
662
661
673
663
649
666
628
573
2003
2175
2168
1000
945
1141
570
1550
2201
2366
2060
2140
1900
585
690
763
489
11313
1318
1495
2047
2033
2038
2004
2040
2025
1990
1995
1973
1954
1415
210
145
80
656
412
398
412
519
1083
1123
1142
1604
1676
1692
1637
2063
2149
2109
2535
2629
2665
2126
2181
2150
1074
1272
1328
616
61
66
72
268
606
642
915
1703
1610
1776
2444
2336
1946
1628
1873
2013
1907
1191
1103
979
2013
2527
2543
2213
2086
2010
1936
1737
1829
2172
2190
1494
1489
462
64
65
487
1985
2035
2095
1979
1802
1802
1777
0
440
780
520
460
640
370
410
1070
370
510
370
419
419
540
540
440
370
370
370
410
440
530
590
680
740
800
870
920
1060
1140
1210
1270
1390
1440
1440
1440
1440
0
0
0
0
0
1440
0
0
1440
419
0
0
0
0
0
0
440
430
419
540
580
400
400
410
419
390
370
510
590
720
790
880
1020
1130
1240
1320
1440
1440
1440
0
0
0
3100
3500
3750
4004
4005
4004
3370
3650
3500
3859
3650
3370
3500
3690
3100
0
0
0
0
0
0
1440
1440
1340
1230
1110
760
0
0
00
810
4005
3370
0
360
450
730
690
660
520
430
360
370
889
1190
560
4004
1190
4005
0
4005
570
500
500
540
400
550
939
970
989
1020
1320
1370
1440
1440
1440
1440
0
0
1440
1440
1440
0
0
0
0
2860
3020
0
0
0
0
510
0
0
0
60
450
570
490
500
700
900
920
939
1350
1390
1420
1440
1440
1440
0
0
1440
0
0
1440
0
710
1440
1150
1080
1060
102
1020
0
790
0
4005
0
720
550
560
560
530
530
450
530
480
380
0
430
390
770
820
770
850
1230
1300
1380
1440
0
0
0
0
0
0
690
0.00.00
0.00
0.00
8.70
10.40
10.80
10.60
10.80
14.40
14.40
14.40
0.00
0.00
0.00
0.00
0.00
0.00
0.00
0.00
29.90
35.00
35.00
14.40
14.40
13.70
13.50
10.20
9.10
8.70
14.40
14.40
14.40
0.00
0.00
14.40
0.00
0.00
13.50
30
14.40
5.30
4.60
3.70
0.00
5.50
14.40
14.40
8.70
0.00
13.20
5.10
4.00
3.90
5.70
7.70
9.50
11.70
13.20
14.40
14.40
14.40
14.40
0.00
0.00
0.00
39.10
39.10
36.90
0.00
40.06
40.06
0.00
13.90
13.00
14.20
0.00
0.00
0.00
14.40
8.30
4.10
0.00
30.00
7.30
6.70
8.20
13.50
8.10
14.20
14.40
14.40
14.40
14.40
14.40
0.00
40.05
12.00
40.05
40.05
40.05
0.00
4.70
6.60
0.00
0.00
0.00
0.00
0.00
0.00.00
0.00
0.00
0.00
0.00
4.80
7.50
11.10
11.80
13.00
14.40
0.00
0.00
14.40
5.80
7.20
30.60
40.05
0.00
0.00
0.00
0.00
40.
40.00
40.00
25.50
26.00
11.00
4.50
5.50
3.50
6.00
7.50
9.00
11.00
12.50
13.00
14.00
14.00
19.00
22.50
21.00
15.50
15.50
15.50
19.00
21.00
17.00
16.50
15.50
17.50
17.00
18.50
19.00
20.00
20.00
20.00
27.50
27.00
26.00
24.00
25.00
24.00
20.00
19.00
19.00
25.50
25.50
27.50
27.50
27.50
36.00
34.00
36.00
37.00
33.00
36.50
37.50
40.00
40.00
40.00
37.50
27.50
26.00
30.50
25.50
25.00
25.00
22.50
20.00
19.50
18.50
16.50
15.50
14.50
12.50
12.00
11.00
10.00
9.50
9.00
8.50
7.50
6.50
5.50
7.50
40.00
13.50
14.00
6.00
5.50
500950
11002550
700
1400
1400
2500
400
400
400
650
700
900
1100
1300
1400
1550
1600
1750
1850
1900
1950
2000
2200
2200
2500
2550
2750
2750
3000
3400
3550
3600
3700
3250
3750
3900
3800
3700
4000
4000
4000
4000
3600
3050
3050
2700
1200
1300
2200
1850
1550
1600
1400
1250
1100
900
850
700
550
600
550
550
400
1000
4000
4000
400000
4000
4000
4000
4000
4000
4000
700
700
500
600
450
400
350
450
550
600
700
800
900
1050
1100
1300
1350
1550
1750
1850
1900
1950
2100
2000
2350
2100
2400
2450
2550
2750
2550
2650
2700
2550
2800
3150
2950
2950
3400
3350
3400
3300
3000
2850
2950
3550
3550
3400
4000
4000
4000
4000
4000
4000
4000
3750
3750
3650
3750
3000
2550
2450
2550
2750
2550
2400
2400
2400
2450
2250
2250
2150
1900
1900
1750
1750
1550
1550
1500
1400
1400
1300
1250
1150
1000
900
900
900
900
850
800
750
700
650
450
400
400
400
450
550
550
500
500
850
1050
1200
1000
4000
4000
4000
4000
4000
4000
4000
4000
4000
4000
4000
4000
4000
4000
4000
4000
4000
4000
4000
4000
4000
4000
4000
4000
4000
4000
4000
4000
4000
4000
4000
4000
4000
4000
4000
4000
4000
4000
4000
4000
4000
4000
4000
4000
4000
4000
4000
4000
4000
4000
4000
4000
4000
4000
4000
4000
4000
4000
4000
4000
4000
4000
4000
4000
4000
4000
4000
4000
4000
4000
4000
4000
4000
4000
4000
4000
4000
4000
4000
4000
4000
4000
4000
1700
1650
550
700
550
2000
450
4000
4000
4000
4000
4000
4000
4000
4000
4000
4000
4000
4000
4000
4000
4000
4000
4000
4000
4000
4000
600
900
2400
450
500
2500
400
600
550
1150
1850
1000
1000
2100
1700
1100
1150
500
1550
3700
2000
750
1150
750
350
4000
900
4000
4000
4000
4000
4000
4000
4000
4000
4000
4000
4000
500
550
400
750
750
750
700
650
650
600
550
1050
1000
1000
850
900
900
1250
1250
700
650
700
500
400
4000
450
550
550
800
850
850
850
850
850
850
900
900
4000
4000
4000
4000
4000
4000
4000
4000
